01000096
01001046
01001584
01001713
01003393
01003727
01004189
01005300
01005869
01006194
01006795
01006819
01006822
01006943
01007679
01007976
01009397
01009480
01012080
01012876
01013126
01013382
01013631
01015242
01015291
01015436
01016350
01016353
01016503
01017121
01018250
01018597
01018648
01019144
01019353
01020455
01020927
01021455
01021709
01022200
01022467
01022905
01023230
01023284
01023319
01023352
01023743
01024239
01024714
01024921
01024958
01025149
01025624
01025778
01026041
01023668
01026319
01027044
01027374
01027432
01027936
01028029
01028315
01028517
01028938
01029210
01029881
01029903
01030456
01030944
01031110
01031179
01031188
01031922
01031932
01032027
01032175
01032325
01031833
01032634
01032761
01033214
01033593
01033677
01033890
01033900
01034071
01034146
01034159
01034508
01034573
01034660
01035037
01035072
01035211
01035397
01035440
01035546
01035676
01035883
01035966
01035967
01035969
01036587
01036813
01036867
01037691
01038356
01038772
01038862
01039349
01039634
01039693
01040105
01040370
01040767
01038438
01040949
01041281
01042239
01042389
01042441
01042941
01043868
01043925
01044315
01044810
01046453
01047966
01048087
01048448
01048783
01043626
01054993
01055967
01057135
01036015
01049288
01049543
01056739
01057372
01057774
01057802
01057843
01057950
51058648
01003388
01009102
01014154
01018251
01019875
01023037
01026442
01036788
01040046
01041226
01043852
01046029
01047348
01048586
01048644
01048681
01048836
01049021
01049143
01049454
01049503
01050154
01051029
01051732
01054966
01054967
01057194
01057783
01057940
01057967
01057982
01057992
51058049
01000420
01000639
01000649
01000863
01001577
01001741
01001806
01001816
01001923
01002328
01003098
01003291
01003697
01004276
01004490
01004963
01003266
01005757
01005860
01005886
01005891
01006373
01007175
01009252
01009654
01009782
01009792
01010058
01010183
01010192
01010248
01010334
01010428
01010582
01010812
01010917
01011224
01011576
01010332
01011807
01011838
01012639
01012782
01012824
01012973
01013433
01014228
01014346
01014361
01014441
01014596
01015042
01015529
01015791
01016444
01016500
01016964
01016972
01017279
01017429
01017868
01018458
01018598
01018649
01018705
01018719
01018895
01018920
01019254
01019411
01019557
01019639
01020451
01019192
01020604
01020871
01020894
01020931
01021603
01022049
01022198
01022572
01022588
01022656
01023041
01023156
01023220
01023381
01023648
01023775
01023845
01024014
01024076
01024085
01024104
01024282
01024319
01024350
01024536
01024597
01024754
01025025
01025128
01025191
01025316
01025460
01025629
01025716
01025842
01025918
01026021
01026026
01026093
01026173
01026303
01026330
01026445
01026975
01027163
01027356
01027557
01028518
01029726
01030319
01026872
01030452
01030894
01031006
01031036
01031219
01031953
01032054
01032275
01032282
01032579
01032706
01032711
01033260
01033471
01033566
01033892
01033910
01033915
01033920
01033968
01034070
01034585
01034598
01033876
01034880
01034900
01034901
01034904
01035355
01035477
01036008
01036098
01036132
01036266
01036281
01036402
01035692
01036815
01036940
01036944
01037204
01037441
01037557
01036576
01037712
01037720
01037833
01037835
01037909
01037652
01037995
01038023
01038168
01038204
01038229
01038317
01038474
01038493
01038650
01038761
01038846
01038946
01038465
01039220
01039307
01039388
01039396
01039401
01039403
01039414
01039429
01039519
01039566
01039597
01039600
01039812
01039944
01039974
01039584
01040106
01040294
01040358
01040544
01040573
01040649
01040977
01041019
01041021
01041024
01041069
01041430
01041514
01041536
01041547
01041270
01041838
01041919
01042210
01042362
01042534
01041558
01042584
01042623
01042742
01042764
01042766
01042823
01042539
01043046
01043074
01043116
01043180
01043210
01043214
01043330
01042824
01042944
01043397
01043493
01043573
01043729
01043764
01043862
01043924
01043366
01043950
01043951
01044031
01044065
01044093
01043941
01044161
01044164
01044165
01044187
01044208
01044212
01044300
01044127
01044338
01044420
01044477
01044480
01044483
01044878
01044998
01045154
01045172
01045247
01045254
01045307
01045357
01045599
01045956
01045975
01045293
01046067
01046069
01046118
01046199
01046236
01046258
01046402
01046028
01046867
01046995
01047002
01047044
01047116
01047117
01046451
01046459
01047126
01047341
01047370
01047444
01047775
01047902
01047124
01047924
01047928
01048119
01048191
01047907
01047922
01048354
01048469
01048513
01048555
01048564
01048589
01048608
01048658
01048344
01048801
01048809
01048813
01048879
01048908
01048926
01048972
01049024
01048684
01048799
01049177
01049178
01049190
01049202
01049208
01049226
01049360
01049373
01049107
01049176
01049699
01049711
01049754
01049755
01049758
01049792
01049661
01049672
01049904
01049932
01049997
01050057
01050086
01050095
01050177
01050208
01049841
01049848
01050423
01050866
01051523
01051598
01052301
01052555
01052559
01052581
01054859
01055260
01055268
01052452
01052479
01052530
01055895
01055913
01055947
01055952
01055953
01055956
01055271
01055272
01056319
01056629
01056682
01056771
01056791
01056804
01056806
01057126
01055957
01056306
01057132
01057133
01057130
01057176
01057235
01057246
01057267
01057283
01057397
01057413
01057805
01057809
01057880
01057907
01057924
01057930
01058006
51058041
01057741
01057803
51058207
51058209
51058211
51058067
51058078
51058270
51058282
51058291
51058315
51058316
51058384
51058396
51058401
51058240
51058262
51058526
51058577
51058579
51058612
51058622
51058624
51058411
51058517
51058525
51058813
51058822
51058969
51059022
51059063
51059185
51059192
51058633
51058639
51059266
51059271
51059398
51059413
51059649
51059652
51059193
51059209
51059855
51059880
51060114
51060149
51060155
51060159
51059734
51059818
51060197
51060270
51060290
51060314
51060316
51060318
51060319
51060168
51060174
51060444
51060447
51060512
51060561
51060563
51060826
51060904
51060391
51061449
51061492
51061566
51061795
51061850
51061949
51060906
51061092
51061186
02025798
02009145
02009146
02009554
02009714
51061952
02025200
02025201
02016548
02016851
02016894
02018479
02018584
02019595
02019632
02012258
02012540
02012601
02021073
02021303
02021304
02021757
02022016
02022097
02019955
02021043
02023388
02023518
02023556
02023572
02023573
02023596
02022151
02022886
02022889
02022890
02023597
02023603
02024597
02024708
02024725
02024768
02024785
02024260
02024339
02025350
02025401
02025427
02025533
02025757
02026028
52026147
02025211
02025321
52026421
52026432
52026434
52026497
52026543
52026544
52026900
52026350
52026367
52026368
52027209
52027210
52027211
52027233
52027303
52027421
52027422
52026922
52027002
52027052
52027781
52027782
52028020
52028230
52028469
52028491
52028517
52027469
52027615
52028687
52028688
52028522
52028917
52028918
52028919
09000006
09000009
09000010
10000079
52028787
52028788
52028789
10000375
10000380
10000487
10000491
10000197
10000308
10000735
10000756
10000757
10000777
10000787
10000842
10000670
10000711
10000712
10000923
10000926
60000945
60000959
10000897
10000919
10000922
60001052
60001099
60001100
60001106
60001108
60000960
60001051
60001252
12000465
12001728
12002253
12002638
12003190
12003316
60001151
60001183
60001239
12012168
12013550
12014938
12016803
12000141
12005124
12009215
12011069
12001542
12001595
12001736
12001752
12000198
12000337
12002121
12002368
12002597
12002791
12002967
12003659
12004385
12001976
12005932
12006528
12006780
12008039
12004499
12004799
12005616
12011133
12011948
12013419
12013913
12015392
12008138
12009649
12016430
12016648
20000006
20000014
12016157
12016332
000047
000067
000213
000231
20000016
70000055
70000056
70000058
000343
000350
000354
000355
23000001
01017860
01026058
01016227
01015910
01021841
01035836
01035868
01036667
01055418
01055583
51058098
51058129
51058194
51060175
02025337
02025797
02023737
02023738
02023964
02023970
02024041
02024129
02024131
02024215
02024443
52028528
12001109
12005874
000037
000334
01005225
01007443
01009983
01011081
01011564
01017014
01020296
01020613
01021480
01021853
01021887
01022077
01022525
01022686
01023035
01023115
01023687
01024225
01024878
01025136
01025202
01025310
01025431
01023533
01025883
01026338
01026770
01026906
01027146
01029217
01029722
01031323
01031325
01031651
01031978
01032173
01034307
01034584
01035287
01035451
01035487
01035870
01036423
01036599
01037431
01037580
01037607
01037739
01037868
01038487
01038511
01039586
01041018
01041056
01041464
01041691
01041972
01042229
01038571
01043853
01044016
01044241
01044367
01042934
01044969
01046633
01047809
01047814
01049565
01049603
01049652
01049710
01049752
01054863
01055044
01048730
01049344
01057140
01031086
01033091
01033541
01040517
01041684
01043735
01043847
01044124
01044136
01031596
01047945
01049189
01049719
01050204
01056698
01001941
01005200
01006394
01007350
01008380
01008910
01009291
01009987
01011006
01012745
01013634
01013801
01014079
01016349
01016862
01017350
01018063
01018088
01018772
01018905
01019137
01019138
01019616
01019627
01019895
01020037
01020926
01021566
01021754
01021981
01022355
01022534
01022723
01023321
01023631
01023662
01023670
01023736
01023773
01023901
01023996
01024020
01024329
01024330
01024571
01024772
01025201
01025272
01025290
01025291
01025406
01025443
01025446
01025504
01025567
01025686
01025717
01025816
01025828
01025871
01026155
01026324
01026343
01026361
01026491
01026858
01026861
01026870
01026946
01026461
01027445
01028379
01028592
01028925
01029439
01029739
01029747
01029748
01029789
01029790
01030396
01030465
01030754
01030989
01031228
01031317
01031321
01031508
01031614
01032046
01032051
01032070
01032105
01032217
01032353
01032385
01032416
01032530
01032601
01032881
01032917
01032938
01032988
01033079
01033253
01033258
01033288
01033675
01033729
01033730
01033887
01033938
01034004
01034089
01034128
01034567
01034569
01034581
01034608
01034821
01034834
01034883
01034986
01035140
01035183
01035213
01034927
01035363
01035424
01035697
01035814
01036084
01036162
01036178
01036181
01036396
01036765
01036769
01036858
01037053
01037063
01037067
01037069
01036768
01037344
01037432
01037501
01037511
01037579
01037644
01037702
01037874
01038098
01038159
01038184
01038427
01038460
01038494
01038737
01038870
01039017
01039039
01039042
01039569
01039575
01039589
01039596
01039625
01040091
01040149
01040245
01039614
01040666
01040724
01040778
01040780
01040796
01040868
01040569
01041220
01041251
01041316
01041335
01041344
01041391
01041511
01041548
01041670
01041474
01041732
01041802
01041814
01041840
01041885
01041990
01042029
01042271
01042339
01042461
01042521
01041997
01042708
01042774
01042798
01042535
01042884
01043000
01043003
01000895
01001050
01001217
01001646
01001701
01003092
01004703
01004813
01006638
01001997
01002362
01002635
01003792
01006245
01006344
01006823
01007828
01007944
01013723
01016700
01017353
01019263
01022634
01022843
01026401
01026420
01029036
01029325
01015916
01034224
01034550
01035035
01035254
01035414
01036408
01036739
01030512
01039620
01039774
01041544
01043051
01043707
01043858
01012986
01013718
01020591
01007140
01008642
01019505
01025402
01030970
01032309
01038288
01038927
01040583
01042908
01034736
01043265
01043943
01046074
01046658
01046742
01046766
01047172
01048089
01049225
01057845
01000263
01001041
01001735
01002573
01002644
01002801
01049466
01055560
01002863
01003243
01003619
01003867
01004221
01004506
01004643
01004692
01004715
01004763
01004857
01004933
01005813
01006232
01006236
01007543
01007749
01009043
01009945
01010069
01010204
01010229
01010320
01010395
01010489
01009271
01010914
01011012
01011124
01011886
01011929
01012447
01012551
01013118
01013509
01013929
01014332
01014845
01014880
01015024
01015065
01015246
01016298
01016420
01016485
01016698
01014930
01016868
01016908
01017179
01018342
01018887
01019142
01019709
01019935
01020285
01020286
01020520
01020713
01020936
01021514
01021614
01021629
01021630
01021632
01021635
01021310
01022209
01022666
01022682
01021640
01023936
01024113
01024258
01024269
01024667
01024708
01024726
01025485
01025528
01025925
01026328
01026357
01026961
01027137
01027246
01027450
01028245
01026400
01029061
01029108
01029330
01029331
01029332
01029333
01029337
01029442
01029455
01029457
01029458
01029517
01029702
01029738
01029334
01029796
01029823
01029834
01029837
01029960
01029984
01030257
01030305
01030310
01030545
01030698
01031050
01031119
01031165
01031307
01031979
01032684
01032785
01032831
01030837
01033190
01033590
01033063
01033180
01033933
01034015
01034079
01034110
01034348
01033598
01034621
01034633
01034670
01034893
01035391
01035544
01035670
01035795
01035806
01035977
01036216
01035285
01036237
01036240
01036395
01036481
01037139
01037286
01037527
01037656
01038132
01038500
01036816
01039408
01039431
01039561
01039616
01038604
01039007
01040233
01040783
01041373
01041805
01042877
01042966
01040045
01044172
01044419
01044548
01044971
01043177
01043632
01046018
01046070
01046448
01046640
01046647
01047231
01047258
01047485
01047790
01048068
01048121
01048307
01048396
01047871
01048510
01048560
01048630
01048846
01049072
01049114
01049255
01049516
01050014
01050091
01050181
01050182
01055269
01055546
01055888
01050769
01052113
01054641
01057325
01057399
01057921
01057989
01056647
01057117
51058198
51058267
51058307
51058324
51059376
51059395
51059396
51058088
51058121
51059625
51059767
51059835
51060222
51060394
51060520
51060537
51060568
51061590
02023706
02025266
02012873
02018863
02020674
51060597
51061581
02025709
52026136
52026239
52026270
02020932
02021992
02022117
52026653
52027596
52027936
52028329
52028434
52028435
52026302
52026500
52028728
10000285
10000274
10000452
52028548
52028568
10000462
10000643
60000962
12000338
12001065
12001319
10000461
12003841
12007626
12009417
12009754
12009796
12011096
12012091
12013678
12001758
12003354
12000286
12000509
12000577
12000702
12001790
12001808
12002046
12010222
12015737
12003516
12004587
12004707
12004899
12002211
12002319
12005334
12005347
12005348
12005438
12006263
12004971
12006514
12007262
12007547
12007734
12009840
12010862
12016652
000107
000127
000128
000141
000142
000169
01021990
01043124
51058033
01042390
01045016
01046646
01047368
01048190
01048993
01051526
01056774
01057351
01009633
01047872
01015561
01016476
01019359
01020860
01021020
01022448
01023353
01023733
01023850
01024986
01025355
01029754
01030054
01031113
01033425
01034613
01044245
01044261
01044270
01044481
01045250
01042601
01043445
01046223
01046246
01047534
01048056
01049055
01049218
01049328
01049547
01045826
01045973
01055563
01057169
01057261
01057274
01057281
01057359
01057782
01049582
01050210
01057986
51058034
51058069
51058196
51058203
51058521
51058649
01057790
01057794
51059406
51059648
51059693
51059784
51059894
51060177
51058842
51058979
51059243
51060480
51060482
02001879
02012963
02019918
02022139
02022409
02022781
02022782
02022882
02020548
02022962
02023000
02023221
02023280
02023282
02023306
02023349
02023484
02024272
02022883
02024934
02024935
02024936
02025118
02025119
02025120
02025242
02025243
02025253
02024273
02025260
02025681
02025781
02025886
02025887
02025893
02025899
02025258
52026128
52026214
52026354
52026442
52026604
52026616
52026622
52026869
52026870
02025972
52027147
52027148
52027195
52027229
52027281
52027282
52027468
52026871
52027930
52027978
52028119
52028373
52028374
52028538
52028539
52028540
52028674
52028783
52028796
52028797
12012343
01040158
01028041
51058071
01027361
01029617
01030641
01030803
01031853
01032361
01032561
01000076
01006271
01008541
01009104
01010683
01011969
01012833
01013666
01014823
01015199
01015287
01015346
01015596
01015992
01016093
01016220
01016248
01016348
01016373
01017006
01018069
01018136
01018432
01018555
01018609
01018659
01018791
01018929
01017107
01019343
01019864
01020174
01020444
01020557
01020707
01021390
01022117
01022122
01023331
01023954
01023973
01024309
01024609
01024616
01024623
01025170
01026056
01026323
01026849
01027102
01028098
01028610
01029740
01029863
01030453
01031291
01031837
01026365
01032320
01033207
01034721
01034819
01035423
01036951
01037249
01037807
01037944
01039322
01039621
01040161
01040164
01041625
01057759
01004484
01013077
01016432
01017082
01017248
01018823
01019154
01021484
01023616
01028618
01034610
01035011
01035129
01036503
01036749
01037704
01039221
01039778
01039851
01040085
01040134
01041445
01043080
01048676
01049593
01050261
01057226
51058147
51058220
51058264
51061829
51061916
02020936
02024622
12002676
12005246
01047680
51058292
01047671
01047811
01047848
01047981
01047984
01049446
01051714
01057312
01026489
01027300
01049615
01052589
01048333
01049116
01049429
01049500
01049930
01057769
01047539
01048909
01055275
01026266
01026272
01026273
01026275
01026385
01026686
01027254
01048007
01048057
01048098
01048566
01048602
01048753
01049085
01049119
01049549
01049560
01050043
01050130
01055011
01056692
01056730
01057732
01057872
01057897
51058350
51061860
51061861
52026206
52026515
02011051
02022282
02022462
02023097
02025251
52026313
52028712
60000969
51058620
51059308
51059782
51060186
51061911
51061917
51061924
51061932
51061941
51061948
10000914
60000978
60000979
60001107
52026405
52026406
52026475
52026476
52026950
01003157
01010446
01014088
01021372
01022120
01024195
01024514
01025471
01029473
01031800
01000072
01000137
01001437
01001850
01001866
01003794
01004974
01004975
01005789
01006171
01006820
01007243
01007822
01009486
01010376
01011479
01011792
01013093
01013531
01014359
01015376
01015834
01016055
01016247
01016692
01016839
01017017
01017882
01018062
01018098
01018692
01018798
01018884
01019339
01019977
01021529
01022229
01022940
01023531
01023627
01023912
01024280
01024644
01026043
01028803
01028942
01022664
01031011
01031489
01032514
01032573
01032705
01032722
01032724
01032891
01034283
01034523
01035149
01035804
01036094
01036416
01032792
01038458
01039599
01039776
01042247
01042745
01042846
01047628
01049307
01050103
01051391
01055915
01056308
01042704
01045670
01049920
01057838
51058268
01001673
01027928
01030749
01037126
01037196
01044046
01044098
01044468
01044475
01044607
01044621
01045363
01045392
01046016
01046315
01046661
01047629
01049342
01049905
01049969
01050168
01050240
01055028
01055557
01055585
01055931
01056670
01056697
01057103
01057178
01057204
01057206
01057234
01057343
01057415
01057864
51058075
51058278
01000118
01000119
01000373
01000480
01001047
01001853
01002368
01002444
01002844
01002915
01003969
01004166
01004899
01005247
01005521
01005925
01006187
01006645
01006821
01008309
01008753
01005250
01009010
01009086
01009203
01009514
01009609
01010365
01010374
01008851
01010491
01010819
01010909
01011150
01011644
01012051
01012393
01012552
01013229
01014321
01015078
01015514
01015629
01015721
01016303
01016378
01016449
01017136
01015368
01017454
01017859
01018037
01018406
01018411
01018646
01018654
01019033
01019054
01019093
01019135
01019210
01019445
01019503
01018973
01019706
01019865
01019915
01019982
01020043
01019506
01020114
01020279
01020287
01020359
01020832
01020842
01020873
01021078
01021117
01021767
01021871
01021978
01022507
01022641
01022852
01022867
01022920
01023023
01023054
01023152
01023239
01023264
01023318
01023587
01023915
01023918
01024018
01024132
01024266
01024936
01024974
01024991
01025841
01025866
01025977
01026154
01026233
01026284
01027244
01027439
01028131
01028160
01028283
01028581
01027577
01029356
01029436
01029440
01029572
01029575
01029613
01029005
01029635
01029760
01029791
01030309
01030415
01030521
01030697
01031308
01031593
01031658
01031952
01031003
01031993
01032287
01032495
01032704
01032801
01032805
01033595
01031991
01033830
01033867
01034011
01034123
01034545
01034553
01034643
01033761
01035891
01036049
01036160
01036195
01036783
01035255
01035506
01037386
01038073
01038154
01038284
01038980
01036836
01037214
01038996
01039304
01042141
01042221
01042378
01042828
01042840
01042857
01042874
01041628
01041948
01042936
01043188
01043317
01043496
01043619
01043625
01042917
01043656
01043679
01043708
01043765
01043931
01043932
01043961
01043970
01044063
01044090
01044169
01044264
01044295
01044371
01044575
01044687
01044715
01044853
01044882
01044925
01044547
01045013
01045039
01045085
01045177
01045187
01045334
01045510
01045847
01046245
01046457
01046759
01046978
01047092
01045732
01047232
01047272
01047309
01047346
01047512
01047093
01047632
01047717
01047771
01047911
01048064
01048181
01048220
01048280
01047536
01047599
01048559
01048592
01048600
01048803
01048808
01048811
01048833
01048882
01048994
01049105
01049142
01049376
01049428
01049527
01048859
01049815
01049816
01049835
01049857
01049887
01049610
01049695
01049966
01050089
01050138
01050263
01050428
01051195
01051389
01049901
01052114
01052436
01052520
01052614
01052616
01055025
01055118
01055296
01055531
01055552
01055558
01055576
01055896
01055950
01056633
01056660
01056681
01055539
01055540
01056780
01057114
01057219
01057232
01057318
01057342
01057356
01056689
01057381
01057410
01057821
01057831
01057844
01057890
01057909
01057368
01057380
01058018
51058061
51058064
51058085
51058090
51058169
51058170
51058190
01057929
01057948
51058273
51058310
51058318
51058393
51058537
51058548
51058596
51058222
51058235
51058770
51058786
51058806
51058817
51058834
51058838
51058841
51058641
51058768
51059056
51059069
51059196
51059199
51059214
51059260
51058993
51059282
51059283
51059407
51059415
51059633
51059736
51059278
51059281
51059868
51059902
51060161
51060230
51060357
51059737
51059781
51060503
51060564
51060574
51060608
51060841
51060849
51060884
51060931
51060384
51060492
51061107
51061133
51061156
51061419
51061425
51061435
51061460
51060976
51061043
51061056
51061814
51061843
02025589
52026352
02024898
52026409
51061808
51061809
02016765
02016876
02017469
02017488
02018617
02018842
02018843
02019109
52026577
02013116
02019489
02020021
02020915
02021571
02021641
02021880
02021914
02022047
02019327
02022535
02022593
02022840
02022843
02022917
02022959
02022215
02023162
02023179
02023293
02023373
02023374
02023655
02023711
02024268
02023128
02023161
02024585
02024629
02024645
02024655
02025005
02025197
02025199
02024269
02024403
02024497
02025342
02025413
02025423
02025489
02025756
02025766
02025897
02025210
02025227
52026415
52026463
52026503
52026557
52026659
52026820
52026830
52026967
02026042
52026369
52027440
52028285
52028450
52028451
52028560
52028561
52027093
52027139
52028585
52028853
52028921
12000475
12001007
12003449
12006061
12007897
52028562
52028563
12013307
12013488
12015943
12000140
12000307
12000805
12001451
12009750
12009753
12004245
12005612
12008061
12009187
12011865
12012342
12003419
12016650
12016654
000014
000285
000287
12013507
000318
000320
000349
01004219
01008061
01008165
01008192
01009038
01009111
01010747
01011341
01012243
01012472
01003373
01004973
01010381
01015912
01016141
01018231
01018322
01018331
01018896
01024142
01025054
01026805
01032319
01032419
01038162
01041725
01041980
01050253
01040983
01043122
01043622
01043700
01044482
01045041
01045416
01045492
01049053
01055991
01057367
01000605
01004928
01005305
01005313
01005987
01008678
01011652
01012975
01013089
01013647
01014915
01016962
01017795
01019362
01020018
01020022
01020084
01020854
01021316
01021845
01022392
01023194
01023671
01023790
01024335
01024817
01025604
01026454
01027435
01027519
01031690
01032007
01032288
01032945
01033027
01033461
01034240
01034541
01034854
01034922
01034924
01035146
01035180
01035184
01035415
01036031
01036174
01036963
01037224
01037378
01037396
01040120
01040123
01040207
01040333
01040864
01041230
01041238
01041239
01041275
01041284
01041328
01040334
01040355
01041380
01041454
01041797
01042394
01042831
01043189
01044272
01045178
01045489
01045733
01046204
01046985
01047179
01047482
01047518
01048343
01048545
01048646
01048789
01048837
01049529
01049788
01049877
01050078
01052537
01055029
01055901
01057895
01057896
02021174
02021175
02023741
02024380
000210
000268
01012458
01020616
01029511
01055113
01044466
01004466
01015845
01023250
01035158
01047170
01025466
01048587
01048941
01049890
51058150
51061123
02024617
02021128
02022449
02022473
02024625
02025791
52026307
52026655
52026966
12002479
000315
000346
01049425
01050339
01044463
01045279
01008510
01021213
01029079
01043460
01043869
01049090
01054647
51061065
02024002
52027957
52028758
01002445
01010382
01015917
01016099
01034909
01055966
01012858
01020405
01025079
01026457
01035157
01004163
01020857
01021882
01023683
01027317
01029132
